{
	"asset": {
		"generator": "SOLIDWORKSGLTF",
		"version" : "2.0"
	},
"extensionsUsed": [ "KHR_lights_punctual", "Solidworks_custom_properties" ],
	"scene" : 0,
	"scenes": [
		{
			"name": "Default - Display State-1",
			"nodes": [
				0]
		}
	],
	"nodes": [
		{
			"children": [
				1, 2, 3, 4, 5, 6, 7, 8, 9, 10, 11, 12, 13, 14, 15, 16, 17, 18, 19, 20, 21, 22, 23, 24, 25, 26, 27, 28, 29, 30, 31, 32, 33, 34, 35, 36, 37, 38, 39, 40, 41, 42, 43, 44, 45, 46, 47, 48, 49, 50, 51, 52, 53, 54, 55, 56, 57, 58, 59, 183, 307, 308, 309, 310, 311, 312, 313, 314, 315, 316, 317, 318, 319, 320, 321, 322, 323, 324, 325, 326, 327, 328, 329, 330, 331, 332, 333
			]
			,"name": "2-001-00001-03-D"		}
,
		{
			"matrix": [
				-0.866025,					-0.5,					0,					0,
				-0.5,					0.866025,					0,					0,
				0,					0,					-1,					0,
				3.23621e-16,					-5.24004e-16,					-0.2375,					1
			]
			,"mesh": 0
			,"name": "2-001-3000001-01-D-1"		}
,
		{
			"matrix": [
				-0.866025,					-0.5,					0,					0,
				0.5,					-0.866025,					0,					0,
				0,					0,					1,					0,
				-1.02085e-17,					-7.55829e-18,					0.2375,					1
			]
			,"mesh": 1
			,"name": "2-001-3000001-01-D-2"		}
,
		{
			"matrix": [
				0,					0,					-1,					0,
				0.519614,					0.854401,					0,					0,
				0.854401,					-0.519614,					0,					0,
				7.23456e-21,					-1.42608e-18,					0.4639,					1
			]
			,"mesh": 2
			,"name": "2-001-3000002-01-D-2"		}
,
		{
			"matrix": [
				-0.866025,					-0.5,					0,					0,
				-0.5,					0.866025,					0,					0,
				0,					0,					-1,					0,
				3.01274e-16,					-5.45823e-16,					0.6903,					1
			]
			,"mesh": 3
			,"name": "2-001-3000001-01-D-3"		}
,
		{
			"matrix": [
				-0.866025,					-0.5,					-1.86733e-31,					0,
				0.5,					-0.866025,					1.20525e-31,					0,
				-7.14842e-31,					8.01729e-31,					1,					0,
				2.55098e-17,					-5.30929e-18,					-0.6903,					1
			]
			,"mesh": 4
			,"name": "2-001-3000001-01-D-4"		}
,
		{
			"matrix": [
				4.89696e-17,					-1.12248e-16,					1,					0,
				-0.081917,					0.996639,					1.15882e-16,					0,
				-0.996639,					-0.081917,					3.961e-17,					0,
				-1.20059e-17,					3.08417e-17,					-0.6863,					1
			]
			,"mesh": 5
			,"name": "2-001-3000003-01-D-1"		}
,
		{
			"matrix": [
				-2.39154e-17,					1.20107e-16,					-1,					0,
				-0.975619,					-0.21947,					-3.02744e-18,					0,
				-0.21947,					0.975619,					1.22427e-16,					0,
				-1.07929e-17,					-1.46231e-17,					-0.4639,					1
			]
			,"mesh": 6
			,"name": "2-001-3000002-01-D-1"		}
,
		{
			"matrix": [
				-2.39154e-17,					1.20107e-16,					-1,					0,
				-0.349714,					0.936856,					1.20886e-16,					0,
				0.936856,					0.349714,					1.95978e-17,					0,
				-1.0065e-17,					-8.27893e-18,					0.6863,					1
			]
			,"mesh": 7
			,"name": "2-001-3000003-01-D-2"		}
,
		{
			"matrix": [
				-0.676489,					-0.736453,					8.32667e-17,					0,
				-0.736453,					0.676489,					-1.11022e-16,					0,
				1.11022e-16,					-1.66533e-16,					-1,					0,
				-0.0762102,					-0.044,					0.2315,					1
			]
			,"mesh": 8
			,"name": "91292A159_TYPE 18-8 SS SOCKET HEAD CAP SCREW-33"		}
,
		{
			"matrix": [
				-0.762825,					-0.646605,					2.77556e-17,					0,
				-0.646605,					0.762825,					3.08149e-33,					0,
				-2.11726e-17,					-1.79469e-17,					-1,					0,
				0.044,					-0.0762102,					0.2315,					1
			]
			,"mesh": 9
			,"name": "91292A159_TYPE 18-8 SS SOCKET HEAD CAP SCREW-36"		}
,
		{
			"matrix": [
				0.928571,					0.371154,					1.11022e-16,					0,
				-0.371154,					0.928571,					1.66533e-16,					0,
				-5.55112e-17,					-2.22045e-16,					1,					0,
				-0.088,					9.84941e-16,					0.6963,					1
			]
			,"mesh": 10
			,"name": "91292A159_TYPE 18-8 SS SOCKET HEAD CAP SCREW-20"		}
,
		{
			"matrix": [
				0.952324,					0.305088,					-2.77556e-17,					0,
				-0.305088,					0.952324,					-4.16334e-17,					0,
				1.37305e-17,					4.81163e-17,					1,					0,
				0.044,					-0.0762102,					0.6963,					1
			]
			,"mesh": 11
			,"name": "91292A159_TYPE 18-8 SS SOCKET HEAD CAP SCREW-24"		}
,
		{
			"matrix": [
				-0.85131,					-0.524663,					0,					0,
				-0.524663,					0.85131,					0,					0,
				2.77556e-17,					0,					-1,					0,
				-0.044,					0.0762102,					0.2315,					1
			]
			,"mesh": 12
			,"name": "91292A159_TYPE 18-8 SS SOCKET HEAD CAP SCREW-30"		}
,
		{
			"matrix": [
				-0.699005,					-0.715117,					-5.55112e-17,					0,
				-0.715117,					0.699005,					-8.32667e-17,					0,
				9.8348e-17,					-1.85069e-17,					-1,					0,
				6.1843e-16,					-0.088,					0.2315,					1
			]
			,"mesh": 13
			,"name": "91292A159_TYPE 18-8 SS SOCKET HEAD CAP SCREW-35"		}
,
		{
			"matrix": [
				-0.777574,					-0.628792,					5.55112e-17,					0,
				-0.628792,					0.777574,					0,					0,
				-5.55112e-17,					0,					-1,					0,
				-0.0762102,					0.044,					0.2315,					1
			]
			,"mesh": 14
			,"name": "91292A159_TYPE 18-8 SS SOCKET HEAD CAP SCREW-31"		}
,
		{
			"matrix": [
				-0.567853,					-0.82313,					-9.71445e-17,					0,
				-0.82313,					0.567853,					0,					0,
				0,					1.66533e-16,					-1,					0,
				-0.088,					-3.36536e-16,					-0.6963,					1
			]
			,"mesh": 15
			,"name": "91292A159_TYPE 18-8 SS SOCKET HEAD CAP SCREW-44"		}
,
		{
			"matrix": [
				0.661378,					0.750052,					2.77556e-17,					0,
				-0.750052,					0.661378,					-5.55112e-17,					0,
				0,					-4.16334e-17,					1,					0,
				9.47159e-16,					0.088,					-0.2315,					1
			]
			,"mesh": 16
			,"name": "91292A159_TYPE 18-8 SS SOCKET HEAD CAP SCREW-14"		}
,
		{
			"matrix": [
				0.985697,					0.168526,					-6.93889e-18,					0,
				-0.168526,					0.985697,					-1.73472e-17,					0,
				1.04083e-17,					-2.98156e-19,					1,					0,
				0.0762102,					-0.044,					0.6963,					1
			]
			,"mesh": 17
			,"name": "91292A159_TYPE 18-8 SS SOCKET HEAD CAP SCREW-25"		}
,
		{
			"matrix": [
				1,					0,					0,					0,
				0,					1,					0,					0,
				0,					0,					1,					0,
				0.088,					-1.51615e-15,					0.6963,					1
			]
			,"mesh": 18
			,"name": "91292A159_TYPE 18-8 SS SOCKET HEAD CAP SCREW-26"		}
,
		{
			"matrix": [
				0.906989,					0.421154,					-1.11022e-16,					0,
				-0.421154,					0.906989,					1.11022e-16,					0,
				5.55112e-17,					1.38778e-17,					1,					0,
				-0.0762102,					-0.044,					0.6963,					1
			]
			,"mesh": 19
			,"name": "91292A159_TYPE 18-8 SS SOCKET HEAD CAP SCREW-21"		}
,
		{
			"matrix": [
				0.952324,					-0.305088,					2.77556e-17,					0,
				0.305088,					0.952324,					3.08149e-33,					0,
				-2.64323e-17,					8.46789e-18,					1,					0,
				0.044,					0.0762102,					0.6963,					1
			]
			,"mesh": 20
			,"name": "91292A159_TYPE 18-8 SS SOCKET HEAD CAP SCREW-28"		}
,
		{
			"matrix": [
				0.959125,					0.282984,					-5.55112e-17,					0,
				-0.282984,					0.959125,					-5.55112e-17,					0,
				5.55112e-17,					0,					1,					0,
				-0.0762102,					0.044,					0.6963,					1
			]
			,"mesh": 21
			,"name": "91292A159_TYPE 18-8 SS SOCKET HEAD CAP SCREW-19"		}
,
		{
			"matrix": [
				1,					0,					0,					0,
				0,					1,					0,					0,
				0,					0,					1,					0,
				9.57567e-16,					0.088,					0.6963,					1
			]
			,"mesh": 22
			,"name": "91292A159_TYPE 18-8 SS SOCKET HEAD CAP SCREW-16"		}
,
		{
			"matrix": [
				0.770864,					0.637,					-1.11022e-16,					0,
				-0.637,					0.770864,					-5.55112e-17,					0,
				5.02225e-17,					1.13513e-16,					1,					0,
				0.088,					-1.50921e-15,					-0.2315,					1
			]
			,"mesh": 23
			,"name": "91292A159_TYPE 18-8 SS SOCKET HEAD CAP SCREW-11"		}
,
		{
			"matrix": [
				0.902849,					0.429957,					1.11022e-16,					0,
				-0.429957,					0.902849,					-8.32667e-17,					0,
				-1.11022e-16,					-6.93889e-18,					1,					0,
				-0.044,					-0.0762102,					0.6963,					1
			]
			,"mesh": 24
			,"name": "91292A159_TYPE 18-8 SS SOCKET HEAD CAP SCREW-22"		}
,
		{
			"matrix": [
				0.919615,					0.39282,					5.55112e-17,					0,
				-0.39282,					0.919615,					-5.55112e-17,					0,
				-8.32667e-17,					-1.04083e-17,					1,					0,
				-8.88755e-16,					-0.088,					0.6963,					1
			]
			,"mesh": 25
			,"name": "91292A159_TYPE 18-8 SS SOCKET HEAD CAP SCREW-23"		}
,
		{
			"matrix": [
				0.987351,					0.158553,					0,					0,
				-0.158553,					0.987351,					0,					0,
				-2.77556e-17,					0,					1,					0,
				-0.044,					0.0762102,					0.6963,					1
			]
			,"mesh": 26
			,"name": "91292A159_TYPE 18-8 SS SOCKET HEAD CAP SCREW-18"		}
,
		{
			"matrix": [
				0.985697,					-0.168526,					0,					0,
				0.168526,					0.985697,					7.80626e-18,					0,
				-1.31556e-18,					-7.6946e-18,					1,					0,
				0.0762102,					0.044,					0.6963,					1
			]
			,"mesh": 27
			,"name": "91292A159_TYPE 18-8 SS SOCKET HEAD CAP SCREW-27"		}
,
		{
			"matrix": [
				-0.923728,					-0.383049,					0,					0,
				-0.383049,					0.923728,					0,					0,
				0,					0,					-1,					0,
				1.04083e-17,					0.088,					0.2315,					1
			]
			,"mesh": 28
			,"name": "91292A159_TYPE 18-8 SS SOCKET HEAD CAP SCREW-17"		}
,
		{
			"matrix": [
				0.668644,					0.743583,					-8.32667e-17,					0,
				-0.743583,					0.668644,					-1.66533e-16,					0,
				5.55112e-17,					1.11022e-16,					1,					0,
				0.044,					0.0762102,					-0.2315,					1
			]
			,"mesh": 29
			,"name": "91292A159_TYPE 18-8 SS SOCKET HEAD CAP SCREW-13"		}
,
		{
			"matrix": [
				-0.715577,					-0.698533,					-5.55112e-17,					0,
				-0.698533,					0.715577,					2.77556e-16,					0,
				5.55112e-17,					2.22045e-16,					-1,					0,
				-0.088,					-3.01347e-16,					0.2315,					1
			]
			,"mesh": 30
			,"name": "91292A159_TYPE 18-8 SS SOCKET HEAD CAP SCREW-32"		}
,
		{
			"matrix": [
				0.708132,					0.70608,					-2.77556e-17,					0,
				-0.70608,					0.708132,					5.55112e-17,					0,
				5.55112e-17,					-1.38778e-16,					1,					0,
				0.0762102,					0.044,					-0.2315,					1
			]
			,"mesh": 31
			,"name": "91292A159_TYPE 18-8 SS SOCKET HEAD CAP SCREW-12"		}
,
		{
			"matrix": [
				-0.669293,					-0.742999,					-2.77556e-17,					0,
				-0.742999,					0.669293,					-5.55112e-17,					0,
				1.11022e-16,					6.93889e-18,					-1,					0,
				-0.044,					-0.0762102,					0.2315,					1
			]
			,"mesh": 32
			,"name": "91292A159_TYPE 18-8 SS SOCKET HEAD CAP SCREW-34"		}
,
		{
			"matrix": [
				-0.845962,					-0.533243,					-1.04083e-17,					0,
				-0.533243,					0.845962,					2.42861e-17,					0,
				-1.04083e-17,					2.98156e-19,					-1,					0,
				0.0762102,					-0.044,					0.2315,					1
			]
			,"mesh": 33
			,"name": "91292A159_TYPE 18-8 SS SOCKET HEAD CAP SCREW-37"		}
,
		{
			"matrix": [
				-0.923728,					-0.383049,					1.93849e-32,					0,
				-0.383049,					0.923728,					3.30802e-31,					0,
				0,					-1.4013e-45,					-1,					0,
				0.088,					-3.50414e-16,					0.2315,					1
			]
			,"mesh": 34
			,"name": "91292A159_TYPE 18-8 SS SOCKET HEAD CAP SCREW-38"		}
,
		{
			"matrix": [
				-0.97507,					-0.221898,					3.46945e-18,					0,
				-0.221898,					0.97507,					-2.1684e-17,					0,
				1.42869e-18,					-2.19133e-17,					-1,					0,
				0.0762102,					0.044,					0.2315,					1
			]
			,"mesh": 35
			,"name": "91292A159_TYPE 18-8 SS SOCKET HEAD CAP SCREW-39"		}
,
		{
			"matrix": [
				-0.777574,					-0.628792,					5.55112e-17,					0,
				-0.628792,					0.777574,					0,					0,
				-5.55112e-17,					0,					-1,					0,
				-0.044,					0.0762102,					-0.6963,					1
			]
			,"mesh": 36
			,"name": "91292A159_TYPE 18-8 SS SOCKET HEAD CAP SCREW-42"		}
,
		{
			"matrix": [
				-0.668041,					-0.744124,					-5.89806e-17,					0,
				-0.744124,					0.668041,					-2.77556e-17,					0,
				2.77556e-17,					0,					-1,					0,
				-0.0762102,					0.044,					-0.6963,					1
			]
			,"mesh": 37
			,"name": "91292A159_TYPE 18-8 SS SOCKET HEAD CAP SCREW-43"		}
,
		{
			"matrix": [
				-0.996552,					-0.0829688,					-6.93889e-17,					0,
				-0.0829688,					0.996552,					5.46438e-17,					0,
				6.4616e-17,					6.02125e-17,					-1,					0,
				0.044,					0.0762102,					0.2315,					1
			]
			,"mesh": 38
			,"name": "91292A159_TYPE 18-8 SS SOCKET HEAD CAP SCREW-40"		}
,
		{
			"matrix": [
				-0.488654,					-0.872477,					4.16334e-17,					0,
				-0.872477,					0.488654,					-2.22045e-16,					0,
				1.73385e-16,					-1.44827e-16,					-1,					0,
				-0.0762102,					-0.044,					-0.6963,					1
			]
			,"mesh": 39
			,"name": "91292A159_TYPE 18-8 SS SOCKET HEAD CAP SCREW-45"		}
,
		{
			"matrix": [
				-0.431679,					-0.902027,					-1.38778e-17,					0,
				-0.902027,					0.431679,					0,					0,
				1.11022e-16,					5.55112e-17,					-1,					0,
				5.13478e-16,					-0.088,					-0.6963,					1
			]
			,"mesh": 40
			,"name": "91292A159_TYPE 18-8 SS SOCKET HEAD CAP SCREW-47"		}
,
		{
			"matrix": [
				-0.777574,					-0.628792,					-6.47895e-17,					0,
				-0.628792,					0.777574,					-1.37822e-17,					0,
				5.90448e-17,					3.00224e-17,					-1,					0,
				0.0762102,					0.044,					-0.6963,					1
			]
			,"mesh": 41
			,"name": "91292A159_TYPE 18-8 SS SOCKET HEAD CAP SCREW-51"		}
,
		{
			"matrix": [
				-0.87242,					-0.488756,					-7.97973e-17,					0,
				-0.488756,					0.87242,					2.08167e-17,					0,
				5.94425e-17,					5.71623e-17,					-1,					0,
				0.044,					0.0762102,					-0.6963,					1
			]
			,"mesh": 42
			,"name": "91292A159_TYPE 18-8 SS SOCKET HEAD CAP SCREW-52"		}
,
		{
			"matrix": [
				-0.932339,					-0.361585,					-1.38778e-16,					0,
				-0.361585,					0.932339,					6.93335e-32,					0,
				1.29388e-16,					5.018e-17,					-1,					0,
				2.42861e-17,					0.088,					-0.6963,					1
			]
			,"mesh": 43
			,"name": "91292A159_TYPE 18-8 SS SOCKET HEAD CAP SCREW-53"		}
,
		{
			"matrix": [
				0.44635,					0.894858,					4.85723e-17,					0,
				-0.894858,					0.44635,					1.94289e-16,					0,
				1.66533e-16,					-1.11022e-16,					1,					0,
				-0.0398483,					0.0575509,					-0.7563,					1
			]
			,"mesh": 44
			,"name": "91292A135_TYPE 18-8 SS SOCKET HEAD CAP SCREW-2"		}
,
		{
			"matrix": [
				0.328773,					0.944409,					2.98372e-16,					0,
				-0.944409,					0.328773,					2.22045e-16,					0,
				2.22045e-16,					-3.05311e-16,					1,					0,
				-0.0632851,					0.0299164,					-0.7563,					1
			]
			,"mesh": 45
			,"name": "91292A135_TYPE 18-8 SS SOCKET HEAD CAP SCREW-3"		}
,
		{
			"matrix": [
				0.239311,					0.970943,					1.8735e-16,					0,
				-0.970943,					0.239311,					-1.11022e-16,					0,
				5.55112e-17,					-1.38778e-16,					1,					0,
				-0.0697647,					-0.00573419,					-0.7563,					1
			]
			,"mesh": 46
			,"name": "91292A135_TYPE 18-8 SS SOCKET HEAD CAP SCREW-4"		}
,
		{
			"matrix": [
				-0.660484,					-0.75084,					-1.38778e-17,					0,
				-0.75084,					0.660484,					-6.245e-17,					0,
				5.6056e-17,					-3.08273e-17,					-1,					0,
				0.088,					-3.85109e-16,					-0.6963,					1
			]
			,"mesh": 47
			,"name": "91292A159_TYPE 18-8 SS SOCKET HEAD CAP SCREW-50"		}
,
		{
			"matrix": [
				0.186099,					0.982531,					1.59595e-16,					0,
				-0.982531,					0.186099,					5.55112e-17,					0,
				5.55112e-17,					-1.38778e-16,					1,					0,
				-0.0575509,					-0.0398483,					-0.7563,					1
			]
			,"mesh": 48
			,"name": "91292A135_TYPE 18-8 SS SOCKET HEAD CAP SCREW-5"		}
,
		{
			"matrix": [
				0.176532,					0.984295,					-1.04083e-17,					0,
				-0.984295,					0.176532,					1.66533e-16,					0,
				1.65755e-16,					-1.91536e-17,					1,					0,
				-0.0299164,					-0.0632851,					-0.7563,					1
			]
			,"mesh": 49
			,"name": "91292A135_TYPE 18-8 SS SOCKET HEAD CAP SCREW-6"		}
,
		{
			"matrix": [
				0.216483,					0.976286,					1.249e-16,					0,
				-0.976286,					0.216483,					1.94289e-16,					0,
				1.66533e-16,					-1.12757e-16,					1,					0,
				0.00573419,					-0.0697647,					-0.7563,					1
			]
			,"mesh": 50
			,"name": "91292A135_TYPE 18-8 SS SOCKET HEAD CAP SCREW-7"		}
,
		{
			"matrix": [
				-0.548666,					-0.836042,					-4.16334e-17,					0,
				-0.836042,					0.548666,					-9.71445e-17,					0,
				9.71445e-17,					2.38524e-17,					-1,					0,
				0.0762102,					-0.044,					-0.6963,					1
			]
			,"mesh": 51
			,"name": "91292A159_TYPE 18-8 SS SOCKET HEAD CAP SCREW-49"		}
,
		{
			"matrix": [
				0.582586,					0.812769,					0,					0,
				-0.812769,					0.582586,					0,					0,
				0,					0,					1,					0,
				-0.00573419,					0.0697647,					-0.7563,					1
			]
			,"mesh": 52
			,"name": "91292A135_TYPE 18-8 SS SOCKET HEAD CAP SCREW-1"		}
,
		{
			"matrix": [
				0.306845,					0.951759,					9.71445e-17,					0,
				-0.951759,					0.306845,					2.35922e-16,					0,
				1.94733e-16,					-1.6485e-16,					1,					0,
				0.0398483,					-0.0575509,					-0.7563,					1
			]
			,"mesh": 53
			,"name": "91292A135_TYPE 18-8 SS SOCKET HEAD CAP SCREW-8"		}
,
		{
			"matrix": [
				-0.468067,					-0.883693,					-1.38778e-17,					0,
				-0.883693,					0.468067,					2.77556e-17,					0,
				-1.80317e-17,					2.52552e-17,					-1,					0,
				0.044,					-0.0762102,					-0.6963,					1
			]
			,"mesh": 54
			,"name": "91292A159_TYPE 18-8 SS SOCKET HEAD CAP SCREW-48"		}
,
		{
			"matrix": [
				-0.440433,					-0.897785,					-8.32667e-17,					0,
				-0.897785,					0.440433,					-5.55112e-17,					0,
				8.65105e-17,					5.03067e-17,					-1,					0,
				-0.044,					-0.0762102,					-0.6963,					1
			]
			,"mesh": 55
			,"name": "91292A159_TYPE 18-8 SS SOCKET HEAD CAP SCREW-46"		}
,
		{
			"mesh": 56
			,"name": "2-001-1000001-04-D-1"		}
,
		{
			"matrix": [
				0.437281,					0.899325,					3.1225e-17,					0,
				-0.899325,					0.437281,					1.94289e-16,					0,
				1.61075e-16,					-1.1304e-16,					1,					0,
				0.0632851,					-0.0299164,					-0.7563,					1
			]
			,"mesh": 57
			,"name": "91292A135_TYPE 18-8 SS SOCKET HEAD CAP SCREW-9"		}
,
		{
			"children": [
				60, 61, 62, 63, 64, 65, 66, 80, 81, 95, 109, 123, 137, 151, 165, 166, 167, 181, 182
			]
			,"matrix": [
				1,					0,					0,					0,
				0,					1,					0,					0,
				0,					0,					1,					0,
				1.04083e-17,					1.73472e-18,					-0.3745,					1
			]
			,"name": "1-001-20002-01-D-1"		}
,
		{
			"matrix": [
				1,					0,					0,					0,
				0,					1,					0,					0,
				0,					0,					1,					0,
				6.12323e-19,					1.0842e-19,					0.015,					1
			]
			,"mesh": 58
			,"name": "1-001-20002-01-D-1_1-001-2000004-01-D-1"		}
,
		{
			"matrix": [
				1,					0,					0,					0,
				0,					1,					0,					0,
				0,					0,					1,					0,
				6.12323e-19,					1.0842e-19,					-0.039,					1
			]
			,"mesh": 59
			,"name": "1-001-20002-01-D-1_1-001-2000004-01-D-4"		}
,
		{
			"matrix": [
				1,					0,					0,					0,
				0,					1,					0,					0,
				0,					0,					1,					0,
				6.12323e-19,					-6.38905e-19,					-0.066,					1
			]
			,"mesh": 60
			,"name": "1-001-20002-01-D-1_1-001-2000004-01-D-5"		}
,
		{
			"matrix": [
				1,					0,					0,					0,
				0,					1,					0,					0,
				0,					0,					1,					0,
				6.12323e-19,					0,					-0.093,					1
			]
			,"mesh": 61
			,"name": "1-001-20002-01-D-1_1-001-2000004-01-D-6"		}
,
		{
			"matrix": [
				1,					0,					0,					0,
				0,					1,					0,					0,
				0,					0,					1,					0,
				6.12323e-19,					-1.0842e-19,					-0.147,					1
			]
			,"mesh": 62
			,"name": "1-001-20002-01-D-1_1-001-2000004-01-D-10"		}
,
		{
			"matrix": [
				1,					0,					0,					0,
				0,					1,					0,					0,
				0,					0,					1,					0,
				6.12323e-19,					4.996e-19,					-0.12,					1
			]
			,"mesh": 63
			,"name": "1-001-20002-01-D-1_1-001-2000004-01-D-7"		}
,
		{
			"children": [
				67, 68, 69, 70, 71, 72, 73, 74, 75, 76, 77, 78, 79
			]
			,"name": "1-001-20002-01-D-1_1-001-200001-01-D-1"		}
,
		{
			"matrix": [
				-1,					-3.88578e-16,					-1.66533e-16,					0,
				2.77556e-16,					-1,					-5.55112e-17,					0,
				-1.54638e-16,					6.18095e-17,					1,					0,
				7.58818e-18,					-0.03,					0.0075,					1
			]
			,"mesh": 64
			,"name": "1-001-20002-01-D-1_1-001-200001-01-D-1_1-001-2000002-01-D-7"		}
,
		{
			"matrix": [
				-0.5,					0.866025,					-1.64735e-16,					0,
				-0.866025,					-0.5,					7.14519e-16,					0,
				5.36424e-16,					4.99924e-16,					1,					0,
				-0.0279397,					-0.016131,					0.0075,					1
			]
			,"mesh": 65
			,"name": "1-001-20002-01-D-1_1-001-200001-01-D-1_1-001-2000003-01-D-5"		}
,
		{
			"matrix": [
				-0.5,					0.866025,					-1.11022e-16,					0,
				-0.866025,					-0.5,					1.11022e-16,					0,
				4.0637e-17,					1.51659e-16,					1,					0,
				-0.0259808,					-0.015,					0.0075,					1
			]
			,"mesh": 66
			,"name": "1-001-20002-01-D-1_1-001-200001-01-D-1_1-001-2000002-01-D-6"		}
,
		{
			"matrix": [
				-1,					-4.44089e-16,					-4.41823e-16,					0,
				3.33067e-16,					-1,					1.21087e-16,					0,
				-4.29928e-16,					2.38408e-16,					1,					0,
				8.25901e-18,					-0.032262,					0.0075,					1
			]
			,"mesh": 67
			,"name": "1-001-20002-01-D-1_1-001-200001-01-D-1_1-001-2000003-01-D-6"		}
,
		{
			"matrix": [
				-0.5,					-0.866025,					-3.10819e-16,					0,
				0.866025,					-0.5,					2.16886e-16,					0,
				-3.06355e-16,					-1.49858e-16,					1,					0,
				0.0279397,					-0.016131,					0.0075,					1
			]
			,"mesh": 68
			,"name": "1-001-20002-01-D-1_1-001-200001-01-D-1_1-001-2000003-01-D-7"		}
,
		{
			"matrix": [
				1,					0,					0,					0,
				0,					1,					0,					0,
				0,					0,					1,					0,
				4.33681e-18,					0.032262,					0.0075,					1
			]
			,"mesh": 69
			,"name": "1-001-20002-01-D-1_1-001-200001-01-D-1_1-001-2000003-01-D-1"		}
,
		{
			"matrix": [
				0.5,					-0.866025,					-1.66533e-16,					0,
				0.866025,					0.5,					5.55112e-17,					0,
				3.51927e-17,					-1.71978e-16,					1,					0,
				0.0259808,					0.015,					0.0075,					1
			]
			,"mesh": 70
			,"name": "1-001-20002-01-D-1_1-001-200001-01-D-1_1-001-2000002-01-D-9"		}
,
		{
			"matrix": [
				0.5,					0.866025,					3.41983e-17,					0,
				-0.866025,					0.5,					1.26247e-16,					0,
				8.8356e-17,					-1.06151e-16,					1,					0,
				-0.0279397,					0.016131,					0.0075,					1
			]
			,"mesh": 71
			,"name": "1-001-20002-01-D-1_1-001-200001-01-D-1_1-001-2000003-01-D-4"		}
,
		{
			"matrix": [
				0.5,					-0.866025,					-3.75236e-16,					0,
				0.866025,					0.5,					-5.93791e-17,					0,
				2.39042e-16,					-2.95275e-16,					1,					0,
				0.0279397,					0.016131,					0.0075,					1
			]
			,"mesh": 72
			,"name": "1-001-20002-01-D-1_1-001-200001-01-D-1_1-001-2000003-01-D-8"		}
,
		{
			"matrix": [
				1,					0,					0,					0,
				0,					1,					0,					0,
				0,					0,					1,					0,
				0,					0.03,					0.0075,					1
			]
			,"mesh": 73
			,"name": "1-001-20002-01-D-1_1-001-200001-01-D-1_1-001-2000002-01-D-1"		}
,
		{
			"mesh": 74
			,"name": "1-001-20002-01-D-1_1-001-200001-01-D-1_1-001-2000001-01-D-1"		}
,
		{
			"matrix": [
				0.5,					0.866025,					-2.77556e-17,					0,
				-0.866025,					0.5,					8.32667e-17,					0,
				8.21112e-17,					-3.10075e-17,					1,					0,
				-0.0259808,					0.015,					0.0075,					1
			]
			,"mesh": 75
			,"name": "1-001-20002-01-D-1_1-001-200001-01-D-1_1-001-2000002-01-D-5"		}
,
		{
			"matrix": [
				-0.5,					-0.866025,					-1.11022e-16,					0,
				0.866025,					-0.5,					1.11022e-16,					0,
				-1.14776e-16,					-2.97612e-17,					1,					0,
				0.0259808,					-0.015,					0.0075,					1
			]
			,"mesh": 76
			,"name": "1-001-20002-01-D-1_1-001-200001-01-D-1_1-001-2000002-01-D-8"		}
,
		{
			"matrix": [
				1,					0,					0,					0,
				0,					1,					0,					0,
				0,					0,					1,					0,
				6.12323e-19,					1.386e-18,					-0.012,					1
			]
			,"mesh": 77
			,"name": "1-001-20002-01-D-1_1-001-2000004-01-D-2"		}
,
		{
			"children": [
				82, 83, 84, 85, 86, 87, 88, 89, 90, 91, 92, 93, 94
			]
			,"matrix": [
				1,					0,					0,					0,
				0,					1,					0,					0,
				0,					0,					1,					0,
				0,					0,					-0.027,					1
			]
			,"name": "1-001-20002-01-D-1_1-001-200001-01-D-2"		}
,
		{
			"matrix": [
				-1,					-3.88578e-16,					-1.66533e-16,					0,
				2.77556e-16,					-1,					-5.55112e-17,					0,
				-1.54638e-16,					6.18095e-17,					1,					0,
				7.58818e-18,					-0.03,					0.0075,					1
			]
			,"mesh": 78
			,"name": "1-001-20002-01-D-1_1-001-200001-01-D-2_1-001-2000002-01-D-7"		}
,
		{
			"matrix": [
				-0.5,					0.866025,					-1.64735e-16,					0,
				-0.866025,					-0.5,					7.14519e-16,					0,
				5.36424e-16,					4.99924e-16,					1,					0,
				-0.0279397,					-0.016131,					0.0075,					1
			]
			,"mesh": 79
			,"name": "1-001-20002-01-D-1_1-001-200001-01-D-2_1-001-2000003-01-D-5"		}
,
		{
			"matrix": [
				-0.5,					0.866025,					-1.11022e-16,					0,
				-0.866025,					-0.5,					1.11022e-16,					0,
				4.0637e-17,					1.51659e-16,					1,					0,
				-0.0259808,					-0.015,					0.0075,					1
			]
			,"mesh": 80
			,"name": "1-001-20002-01-D-1_1-001-200001-01-D-2_1-001-2000002-01-D-6"		}
,
		{
			"matrix": [
				-1,					-4.44089e-16,					-4.41823e-16,					0,
				3.33067e-16,					-1,					1.21087e-16,					0,
				-4.29928e-16,					2.38408e-16,					1,					0,
				8.25901e-18,					-0.032262,					0.0075,					1
			]
			,"mesh": 81
			,"name": "1-001-20002-01-D-1_1-001-200001-01-D-2_1-001-2000003-01-D-6"		}
,
		{
			"matrix": [
				-0.5,					-0.866025,					-3.10819e-16,					0,
				0.866025,					-0.5,					2.16886e-16,					0,
				-3.06355e-16,					-1.49858e-16,					1,					0,
				0.0279397,					-0.016131,					0.0075,					1
			]
			,"mesh": 82
			,"name": "1-001-20002-01-D-1_1-001-200001-01-D-2_1-001-2000003-01-D-7"		}
,
		{
			"matrix": [
				1,					0,					0,					0,
				0,					1,					0,					0,
				0,					0,					1,					0,
				4.33681e-18,					0.032262,					0.0075,					1
			]
			,"mesh": 83
			,"name": "1-001-20002-01-D-1_1-001-200001-01-D-2_1-001-2000003-01-D-1"		}
,
		{
			"matrix": [
				0.5,					-0.866025,					-1.66533e-16,					0,
				0.866025,					0.5,					5.55112e-17,					0,
				3.51927e-17,					-1.71978e-16,					1,					0,
				0.0259808,					0.015,					0.0075,					1
			]
			,"mesh": 84
			,"name": "1-001-20002-01-D-1_1-001-200001-01-D-2_1-001-2000002-01-D-9"		}
,
		{
			"matrix": [
				0.5,					0.866025,					3.41983e-17,					0,
				-0.866025,					0.5,					1.26247e-16,					0,
				8.8356e-17,					-1.06151e-16,					1,					0,
				-0.0279397,					0.016131,					0.0075,					1
			]
			,"mesh": 85
			,"name": "1-001-20002-01-D-1_1-001-200001-01-D-2_1-001-2000003-01-D-4"		}
,
		{
			"matrix": [
				0.5,					-0.866025,					-3.75236e-16,					0,
				0.866025,					0.5,					-5.93791e-17,					0,
				2.39042e-16,					-2.95275e-16,					1,					0,
				0.0279397,					0.016131,					0.0075,					1
			]
			,"mesh": 86
			,"name": "1-001-20002-01-D-1_1-001-200001-01-D-2_1-001-2000003-01-D-8"		}
,
		{
			"matrix": [
				1,					0,					0,					0,
				0,					1,					0,					0,
				0,					0,					1,					0,
				0,					0.03,					0.0075,					1
			]
			,"mesh": 87
			,"name": "1-001-20002-01-D-1_1-001-200001-01-D-2_1-001-2000002-01-D-1"		}
,
		{
			"mesh": 88
			,"name": "1-001-20002-01-D-1_1-001-200001-01-D-2_1-001-2000001-01-D-1"		}
,
		{
			"matrix": [
				0.5,					0.866025,					-2.77556e-17,					0,
				-0.866025,					0.5,					8.32667e-17,					0,
				8.21112e-17,					-3.10075e-17,					1,					0,
				-0.0259808,					0.015,					0.0075,					1
			]
			,"mesh": 89
			,"name": "1-001-20002-01-D-1_1-001-200001-01-D-2_1-001-2000002-01-D-5"		}
,
		{
			"matrix": [
				-0.5,					-0.866025,					-1.11022e-16,					0,
				0.866025,					-0.5,					1.11022e-16,					0,
				-1.14776e-16,					-2.97612e-17,					1,					0,
				0.0259808,					-0.015,					0.0075,					1
			]
			,"mesh": 90
			,"name": "1-001-20002-01-D-1_1-001-200001-01-D-2_1-001-2000002-01-D-8"		}
,
		{
			"children": [
				96, 97, 98, 99, 100, 101, 102, 103, 104, 105, 106, 107, 108
			]
			,"matrix": [
				1,					0,					0,					0,
				0,					1,					0,					0,
				0,					0,					1,					0,
				0,					3.25261e-19,					-0.054,					1
			]
			,"name": "1-001-20002-01-D-1_1-001-200001-01-D-4"		}
,
		{
			"matrix": [
				-1,					-3.88578e-16,					-1.66533e-16,					0,
				2.77556e-16,					-1,					-5.55112e-17,					0,
				-1.54638e-16,					6.18095e-17,					1,					0,
				7.58818e-18,					-0.03,					0.0075,					1
			]
			,"mesh": 91
			,"name": "1-001-20002-01-D-1_1-001-200001-01-D-4_1-001-2000002-01-D-7"		}
,
		{
			"matrix": [
				-0.5,					0.866025,					-1.64735e-16,					0,
				-0.866025,					-0.5,					7.14519e-16,					0,
				5.36424e-16,					4.99924e-16,					1,					0,
				-0.0279397,					-0.016131,					0.0075,					1
			]
			,"mesh": 92
			,"name": "1-001-20002-01-D-1_1-001-200001-01-D-4_1-001-2000003-01-D-5"		}
,
		{
			"matrix": [
				-0.5,					0.866025,					-1.11022e-16,					0,
				-0.866025,					-0.5,					1.11022e-16,					0,
				4.0637e-17,					1.51659e-16,					1,					0,
				-0.0259808,					-0.015,					0.0075,					1
			]
			,"mesh": 93
			,"name": "1-001-20002-01-D-1_1-001-200001-01-D-4_1-001-2000002-01-D-6"		}
,
		{
			"matrix": [
				-1,					-4.44089e-16,					-4.41823e-16,					0,
				3.33067e-16,					-1,					1.21087e-16,					0,
				-4.29928e-16,					2.38408e-16,					1,					0,
				8.25901e-18,					-0.032262,					0.0075,					1
			]
			,"mesh": 94
			,"name": "1-001-20002-01-D-1_1-001-200001-01-D-4_1-001-2000003-01-D-6"		}
,
		{
			"matrix": [
				-0.5,					-0.866025,					-3.10819e-16,					0,
				0.866025,					-0.5,					2.16886e-16,					0,
				-3.06355e-16,					-1.49858e-16,					1,					0,
				0.0279397,					-0.016131,					0.0075,					1
			]
			,"mesh": 95
			,"name": "1-001-20002-01-D-1_1-001-200001-01-D-4_1-001-2000003-01-D-7"		}
,
		{
			"matrix": [
				1,					0,					0,					0,
				0,					1,					0,					0,
				0,					0,					1,					0,
				4.33681e-18,					0.032262,					0.0075,					1
			]
			,"mesh": 96
			,"name": "1-001-20002-01-D-1_1-001-200001-01-D-4_1-001-2000003-01-D-1"		}
,
		{
			"matrix": [
				0.5,					-0.866025,					-1.66533e-16,					0,
				0.866025,					0.5,					5.55112e-17,					0,
				3.51927e-17,					-1.71978e-16,					1,					0,
				0.0259808,					0.015,					0.0075,					1
			]
			,"mesh": 97
			,"name": "1-001-20002-01-D-1_1-001-200001-01-D-4_1-001-2000002-01-D-9"		}
,
		{
			"matrix": [
				0.5,					0.866025,					3.41983e-17,					0,
				-0.866025,					0.5,					1.26247e-16,					0,
				8.8356e-17,					-1.06151e-16,					1,					0,
				-0.0279397,					0.016131,					0.0075,					1
			]
			,"mesh": 98
			,"name": "1-001-20002-01-D-1_1-001-200001-01-D-4_1-001-2000003-01-D-4"		}
,
		{
			"matrix": [
				0.5,					-0.866025,					-3.75236e-16,					0,
				0.866025,					0.5,					-5.93791e-17,					0,
				2.39042e-16,					-2.95275e-16,					1,					0,
				0.0279397,					0.016131,					0.0075,					1
			]
			,"mesh": 99
			,"name": "1-001-20002-01-D-1_1-001-200001-01-D-4_1-001-2000003-01-D-8"		}
,
		{
			"matrix": [
				1,					0,					0,					0,
				0,					1,					0,					0,
				0,					0,					1,					0,
				0,					0.03,					0.0075,					1
			]
			,"mesh": 100
			,"name": "1-001-20002-01-D-1_1-001-200001-01-D-4_1-001-2000002-01-D-1"		}
,
		{
			"mesh": 101
			,"name": "1-001-20002-01-D-1_1-001-200001-01-D-4_1-001-2000001-01-D-1"		}
,
		{
			"matrix": [
				0.5,					0.866025,					-2.77556e-17,					0,
				-0.866025,					0.5,					8.32667e-17,					0,
				8.21112e-17,					-3.10075e-17,					1,					0,
				-0.0259808,					0.015,					0.0075,					1
			]
			,"mesh": 102
			,"name": "1-001-20002-01-D-1_1-001-200001-01-D-4_1-001-2000002-01-D-5"		}
,
		{
			"matrix": [
				-0.5,					-0.866025,					-1.11022e-16,					0,
				0.866025,					-0.5,					1.11022e-16,					0,
				-1.14776e-16,					-2.97612e-17,					1,					0,
				0.0259808,					-0.015,					0.0075,					1
			]
			,"mesh": 103
			,"name": "1-001-20002-01-D-1_1-001-200001-01-D-4_1-001-2000002-01-D-8"		}
,
		{
			"children": [
				110, 111, 112, 113, 114, 115, 116, 117, 118, 119, 120, 121, 122
			]
			,"matrix": [
				1,					0,					0,					0,
				0,					1,					0,					0,
				0,					0,					1,					0,
				0,					-6.0487e-19,					-0.081,					1
			]
			,"name": "1-001-20002-01-D-1_1-001-200001-01-D-5"		}
,
		{
			"matrix": [
				-1,					-3.88578e-16,					-1.66533e-16,					0,
				2.77556e-16,					-1,					-5.55112e-17,					0,
				-1.54638e-16,					6.18095e-17,					1,					0,
				7.58818e-18,					-0.03,					0.0075,					1
			]
			,"mesh": 104
			,"name": "1-001-20002-01-D-1_1-001-200001-01-D-5_1-001-2000002-01-D-7"		}
,
		{
			"matrix": [
				-0.5,					0.866025,					-1.64735e-16,					0,
				-0.866025,					-0.5,					7.14519e-16,					0,
				5.36424e-16,					4.99924e-16,					1,					0,
				-0.0279397,					-0.016131,					0.0075,					1
			]
			,"mesh": 105
			,"name": "1-001-20002-01-D-1_1-001-200001-01-D-5_1-001-2000003-01-D-5"		}
,
		{
			"matrix": [
				-0.5,					0.866025,					-1.11022e-16,					0,
				-0.866025,					-0.5,					1.11022e-16,					0,
				4.0637e-17,					1.51659e-16,					1,					0,
				-0.0259808,					-0.015,					0.0075,					1
			]
			,"mesh": 106
			,"name": "1-001-20002-01-D-1_1-001-200001-01-D-5_1-001-2000002-01-D-6"		}
,
		{
			"matrix": [
				-1,					-4.44089e-16,					-4.41823e-16,					0,
				3.33067e-16,					-1,					1.21087e-16,					0,
				-4.29928e-16,					2.38408e-16,					1,					0,
				8.25901e-18,					-0.032262,					0.0075,					1
			]
			,"mesh": 107
			,"name": "1-001-20002-01-D-1_1-001-200001-01-D-5_1-001-2000003-01-D-6"		}
,
		{
			"matrix": [
				-0.5,					-0.866025,					-3.10819e-16,					0,
				0.866025,					-0.5,					2.16886e-16,					0,
				-3.06355e-16,					-1.49858e-16,					1,					0,
				0.0279397,					-0.016131,					0.0075,					1
			]
			,"mesh": 108
			,"name": "1-001-20002-01-D-1_1-001-200001-01-D-5_1-001-2000003-01-D-7"		}
,
		{
			"matrix": [
				1,					0,					0,					0,
				0,					1,					0,					0,
				0,					0,					1,					0,
				4.33681e-18,					0.032262,					0.0075,					1
			]
			,"mesh": 109
			,"name": "1-001-20002-01-D-1_1-001-200001-01-D-5_1-001-2000003-01-D-1"		}
,
		{
			"matrix": [
				0.5,					-0.866025,					-1.66533e-16,					0,
				0.866025,					0.5,					5.55112e-17,					0,
				3.51927e-17,					-1.71978e-16,					1,					0,
				0.0259808,					0.015,					0.0075,					1
			]
			,"mesh": 110
			,"name": "1-001-20002-01-D-1_1-001-200001-01-D-5_1-001-2000002-01-D-9"		}
,
		{
			"matrix": [
				0.5,					0.866025,					3.41983e-17,					0,
				-0.866025,					0.5,					1.26247e-16,					0,
				8.8356e-17,					-1.06151e-16,					1,					0,
				-0.0279397,					0.016131,					0.0075,					1
			]
			,"mesh": 111
			,"name": "1-001-20002-01-D-1_1-001-200001-01-D-5_1-001-2000003-01-D-4"		}
,
		{
			"matrix": [
				0.5,					-0.866025,					-3.75236e-16,					0,
				0.866025,					0.5,					-5.93791e-17,					0,
				2.39042e-16,					-2.95275e-16,					1,					0,
				0.0279397,					0.016131,					0.0075,					1
			]
			,"mesh": 112
			,"name": "1-001-20002-01-D-1_1-001-200001-01-D-5_1-001-2000003-01-D-8"		}
,
		{
			"matrix": [
				1,					0,					0,					0,
				0,					1,					0,					0,
				0,					0,					1,					0,
				0,					0.03,					0.0075,					1
			]
			,"mesh": 113
			,"name": "1-001-20002-01-D-1_1-001-200001-01-D-5_1-001-2000002-01-D-1"		}
,
		{
			"mesh": 114
			,"name": "1-001-20002-01-D-1_1-001-200001-01-D-5_1-001-2000001-01-D-1"		}
,
		{
			"matrix": [
				0.5,					0.866025,					-2.77556e-17,					0,
				-0.866025,					0.5,					8.32667e-17,					0,
				8.21112e-17,					-3.10075e-17,					1,					0,
				-0.0259808,					0.015,					0.0075,					1
			]
			,"mesh": 115
			,"name": "1-001-20002-01-D-1_1-001-200001-01-D-5_1-001-2000002-01-D-5"		}
,
		{
			"matrix": [
				-0.5,					-0.866025,					-1.11022e-16,					0,
				0.866025,					-0.5,					1.11022e-16,					0,
				-1.14776e-16,					-2.97612e-17,					1,					0,
				0.0259808,					-0.015,					0.0075,					1
			]
			,"mesh": 116
			,"name": "1-001-20002-01-D-1_1-001-200001-01-D-5_1-001-2000002-01-D-8"		}
,
		{
			"children": [
				124, 125, 126, 127, 128, 129, 130, 131, 132, 133, 134, 135, 136
			]
			,"matrix": [
				1,					0,					0,					0,
				0,					1,					0,					0,
				0,					0,					1,					0,
				0,					3.60556e-19,					-0.108,					1
			]
			,"name": "1-001-20002-01-D-1_1-001-200001-01-D-6"		}
,
		{
			"matrix": [
				-1,					-3.88578e-16,					-1.66533e-16,					0,
				2.77556e-16,					-1,					-5.55112e-17,					0,
				-1.54638e-16,					6.18095e-17,					1,					0,
				7.58818e-18,					-0.03,					0.0075,					1
			]
			,"mesh": 117
			,"name": "1-001-20002-01-D-1_1-001-200001-01-D-6_1-001-2000002-01-D-7"		}
,
		{
			"matrix": [
				-0.5,					0.866025,					-1.64735e-16,					0,
				-0.866025,					-0.5,					7.14519e-16,					0,
				5.36424e-16,					4.99924e-16,					1,					0,
				-0.0279397,					-0.016131,					0.0075,					1
			]
			,"mesh": 118
			,"name": "1-001-20002-01-D-1_1-001-200001-01-D-6_1-001-2000003-01-D-5"		}
,
		{
			"matrix": [
				-0.5,					0.866025,					-1.11022e-16,					0,
				-0.866025,					-0.5,					1.11022e-16,					0,
				4.0637e-17,					1.51659e-16,					1,					0,
				-0.0259808,					-0.015,					0.0075,					1
			]
			,"mesh": 119
			,"name": "1-001-20002-01-D-1_1-001-200001-01-D-6_1-001-2000002-01-D-6"		}
,
		{
			"matrix": [
				-1,					-4.44089e-16,					-4.41823e-16,					0,
				3.33067e-16,					-1,					1.21087e-16,					0,
				-4.29928e-16,					2.38408e-16,					1,					0,
				8.25901e-18,					-0.032262,					0.0075,					1
			]
			,"mesh": 120
			,"name": "1-001-20002-01-D-1_1-001-200001-01-D-6_1-001-2000003-01-D-6"		}
,
		{
			"matrix": [
				-0.5,					-0.866025,					-3.10819e-16,					0,
				0.866025,					-0.5,					2.16886e-16,					0,
				-3.06355e-16,					-1.49858e-16,					1,					0,
				0.0279397,					-0.016131,					0.0075,					1
			]
			,"mesh": 121
			,"name": "1-001-20002-01-D-1_1-001-200001-01-D-6_1-001-2000003-01-D-7"		}
,
		{
			"matrix": [
				1,					0,					0,					0,
				0,					1,					0,					0,
				0,					0,					1,					0,
				4.33681e-18,					0.032262,					0.0075,					1
			]
			,"mesh": 122
			,"name": "1-001-20002-01-D-1_1-001-200001-01-D-6_1-001-2000003-01-D-1"		}
,
		{
			"matrix": [
				0.5,					-0.866025,					-1.66533e-16,					0,
				0.866025,					0.5,					5.55112e-17,					0,
				3.51927e-17,					-1.71978e-16,					1,					0,
				0.0259808,					0.015,					0.0075,					1
			]
			,"mesh": 123
			,"name": "1-001-20002-01-D-1_1-001-200001-01-D-6_1-001-2000002-01-D-9"		}
,
		{
			"matrix": [
				0.5,					0.866025,					3.41983e-17,					0,
				-0.866025,					0.5,					1.26247e-16,					0,
				8.8356e-17,					-1.06151e-16,					1,					0,
				-0.0279397,					0.016131,					0.0075,					1
			]
			,"mesh": 124
			,"name": "1-001-20002-01-D-1_1-001-200001-01-D-6_1-001-2000003-01-D-4"		}
,
		{
			"matrix": [
				0.5,					-0.866025,					-3.75236e-16,					0,
				0.866025,					0.5,					-5.93791e-17,					0,
				2.39042e-16,					-2.95275e-16,					1,					0,
				0.0279397,					0.016131,					0.0075,					1
			]
			,"mesh": 125
			,"name": "1-001-20002-01-D-1_1-001-200001-01-D-6_1-001-2000003-01-D-8"		}
,
		{
			"matrix": [
				1,					0,					0,					0,
				0,					1,					0,					0,
				0,					0,					1,					0,
				0,					0.03,					0.0075,					1
			]
			,"mesh": 126
			,"name": "1-001-20002-01-D-1_1-001-200001-01-D-6_1-001-2000002-01-D-1"		}
,
		{
			"mesh": 127
			,"name": "1-001-20002-01-D-1_1-001-200001-01-D-6_1-001-2000001-01-D-1"		}
,
		{
			"matrix": [
				0.5,					0.866025,					-2.77556e-17,					0,
				-0.866025,					0.5,					8.32667e-17,					0,
				8.21112e-17,					-3.10075e-17,					1,					0,
				-0.0259808,					0.015,					0.0075,					1
			]
			,"mesh": 128
			,"name": "1-001-20002-01-D-1_1-001-200001-01-D-6_1-001-2000002-01-D-5"		}
,
		{
			"matrix": [
				-0.5,					-0.866025,					-1.11022e-16,					0,
				0.866025,					-0.5,					1.11022e-16,					0,
				-1.14776e-16,					-2.97612e-17,					1,					0,
				0.0259808,					-0.015,					0.0075,					1
			]
			,"mesh": 129
			,"name": "1-001-20002-01-D-1_1-001-200001-01-D-6_1-001-2000002-01-D-8"		}
,
		{
			"children": [
				138, 139, 140, 141, 142, 143, 144, 145, 146, 147, 148, 149, 150
			]
			,"matrix": [
				1,					0,					0,					0,
				0,					1,					0,					0,
				0,					0,					1,					0,
				0,					9.08366e-19,					-0.135,					1
			]
			,"name": "1-001-20002-01-D-1_1-001-200001-01-D-7"		}
,
		{
			"matrix": [
				-1,					-3.88578e-16,					-1.66533e-16,					0,
				2.77556e-16,					-1,					-5.55112e-17,					0,
				-1.54638e-16,					6.18095e-17,					1,					0,
				7.58818e-18,					-0.03,					0.0075,					1
			]
			,"mesh": 130
			,"name": "1-001-20002-01-D-1_1-001-200001-01-D-7_1-001-2000002-01-D-7"		}
,
		{
			"matrix": [
				-0.5,					0.866025,					-1.64735e-16,					0,
